,Q1,Q2,Q3,Q4,Q5,Q6,Q7,Q8,Q9,Q10,Q11,Q12,Q13,Q14,Q15,Q16,Q17,Q18,Q19,Q20
Q1,1.0,0.059075970064491036,0.46966909943852114,0.10171523663154372,-0.0059302598258128714,0.3365446870566728,-0.37811236005571736,-0.22651860261413892,0.1684577893792118,-0.06248787092212543,0.4194998661244979,0.26313385413548485,-0.36439091057617634,0.07626205176467166,0.38620554306460464,0.27693004858982556,0.25927374866161645,0.1762659491226739,0.19899718970421604,0.16836378272463423
Q2,0.059075970064491036,1.0,0.16090606391152734,-0.08225566320054246,0.14280817102710702,-0.028178591783077647,0.026520772481271774,0.1121013811534961,0.048527092156062754,0.33604947835407145,-0.02548269931737223,0.08830301078499556,-0.1313572689779649,0.2405698742562814,0.007117954350846712,-0.05879855171573154,0.12382799438725521,-0.06783350611348363,0.028299561245465437,-0.018276267325037898
Q3,0.46966909943852114,0.16090606391152734,1.0,0.10191036902353623,-0.02702995300541467,0.30437414806503765,-0.20970967168239082,-0.2261854494884421,0.2853424565290261,0.017942088622379313,0.4280661727175843,0.1771946319922977,-0.4280485434228256,0.11052438161594177,0.3597066213511148,0.23639236472791506,0.2745551363654127,0.1860209950775151,0.2016069509026253,0.10522967466623602
Q4,0.10171523663154372,-0.08225566320054246,0.10191036902353623,1.0,0.15087532839620604,0.3104482275852474,-0.16872361977268957,-0.21994945204044414,0.139886265007547,-0.17141401163609096,0.12096917122736417,0.39603732161440947,-0.18836762235720905,-0.08654759028666045,0.24823147228237052,0.3507891758424118,0.21842151950447386,0.3045837888613689,0.21575800959696942,0.2708646326162036
Q5,-0.0059302598258128714,0.14280817102710702,-0.02702995300541467,0.15087532839620604,1.0,0.18547535634912457,0.04736031459426259,-0.009345894097662892,-0.1354389018168076,0.20327006326176267,-0.02823188692963059,0.20974337047388225,0.07574822450321836,0.21586259224632737,-0.03780028019149621,0.24893245605671305,-0.04487238508367979,0.05593284477412252,-0.23617924590628125,0.1432341410910304
Q6,0.3365446870566728,-0.028178591783077647,0.30437414806503765,0.3104482275852474,0.18547535634912457,1.0,-0.12110344004582667,-0.2973790629298429,0.13966103042226297,-0.24044496954754843,0.332695619457993,0.42823553538609566,-0.32926108534725945,-0.01105072697866442,0.24730307327578543,0.3882192267430917,0.256646761938051,0.24915259879485954,0.07050180907751956,0.38462049350447963
Q7,-0.37811236005571736,0.026520772481271774,-0.20970967168239082,-0.16872361977268957,0.04736031459426259,-0.12110344004582667,1.0,0.09765839158366103,-0.19422187692436335,0.11878929374724358,-0.25706624234020126,-0.15900387907117378,0.30393242911868357,-0.0960231167406032,-0.3908102020955726,-0.15603770516296678,-0.3506112009119881,-0.15672481200383306,-0.394378440140809,-0.18693974808565247
Q8,-0.22651860261413892,0.1121013811534961,-0.2261854494884421,-0.21994945204044414,-0.009345894097662892,-0.2973790629298429,0.09765839158366103,1.0,0.05670377651018405,0.1916468614135391,-0.151481606100994,-0.2324196829589171,0.18159861407913944,-0.04061826932315558,-0.12605390719421156,-0.19111246151605973,-0.11125402101579819,-0.2952974062613471,-0.24186593342026125,-0.23883196948717997
Q9,0.1684577893792118,0.048527092156062754,0.2853424565290261,0.139886265007547,-0.1354389018168076,0.13966103042226297,-0.19422187692436335,0.05670377651018405,1.0,0.0875672988243862,0.34406689751588365,0.052285750644970784,-0.2907059207775089,0.023792915677424677,0.2930549257573202,0.057308058931857524,0.29198208062578973,0.11650803590949442,0.202762005695979,-0.0003663312332931832
Q10,-0.06248787092212543,0.33604947835407145,0.017942088622379313,-0.17141401163609096,0.20327006326176267,-0.24044496954754843,0.11878929374724358,0.1916468614135391,0.0875672988243862,1.0,0.1488373819795963,-0.22871994441355809,0.026452415718285535,0.2721399808959032,-0.1943849843512769,-0.1351937584414005,-0.10679106508377403,-0.0615560150422904,-0.1440145746236133,-0.14573993132473562
Q11,0.4194998661244979,-0.02548269931737223,0.4280661727175843,0.12096917122736417,-0.02823188692963059,0.332695619457993,-0.25706624234020126,-0.151481606100994,0.34406689751588365,0.1488373819795963,1.0,0.12280443729254559,-0.4572130498302039,0.1052525686375114,0.4091773902956814,0.3159688034321319,0.3666796905958306,0.3006228816132066,0.18385862160236766,0.27781877378341907
Q12,0.26313385413548485,0.08830301078499556,0.1771946319922977,0.39603732161440947,0.20974337047388225,0.42823553538609566,-0.15900387907117378,-0.2324196829589171,0.052285750644970784,-0.22871994441355809,0.12280443729254559,1.0,-0.26273972897731274,-0.08909266071300745,0.21039553693457172,0.4485626576735172,0.18258816849105272,0.36391330052408516,0.09922409473439282,0.3907727190822465
Q13,-0.36439091057617634,-0.1313572689779649,-0.4280485434228256,-0.18836762235720905,0.07574822450321836,-0.32926108534725945,0.30393242911868357,0.18159861407913944,-0.2907059207775089,0.026452415718285535,-0.4572130498302039,-0.26273972897731274,1.0,-0.2561124238723129,-0.512325096193872,-0.2520432065815102,-0.44699160641382196,-0.24864504545264862,-0.2689139102277324,-0.3427176135743692
Q14,0.07626205176467166,0.2405698742562814,0.11052438161594177,-0.08654759028666045,0.21586259224632737,-0.01105072697866442,-0.0960231167406032,-0.04061826932315558,0.023792915677424677,0.2721399808959032,0.1052525686375114,-0.08909266071300745,-0.2561124238723129,1.0,0.22001806183544803,-0.09222755783167845,0.14587646244915858,-0.17168809769685794,0.0353371748289051,-0.06709854397861534
Q15,0.38620554306460464,0.007117954350846712,0.3597066213511148,0.24823147228237052,-0.03780028019149621,0.24730307327578543,-0.3908102020955726,-0.12605390719421156,0.2930549257573202,-0.1943849843512769,0.4091773902956814,0.21039553693457172,-0.512325096193872,0.22001806183544803,1.0,0.17225515315977494,0.5097908143819819,0.1997508045684258,0.24399023062015704,0.33119945659811373
Q16,0.27693004858982556,-0.05879855171573154,0.23639236472791506,0.3507891758424118,0.24893245605671305,0.3882192267430917,-0.15603770516296678,-0.19111246151605973,0.057308058931857524,-0.1351937584414005,0.3159688034321319,0.4485626576735172,-0.2520432065815102,-0.09222755783167845,0.17225515315977494,1.0,0.1534249739750829,0.38172672005572,-0.013941558715528886,0.32273321524395865
Q17,0.25927374866161645,0.12382799438725521,0.2745551363654127,0.21842151950447386,-0.04487238508367979,0.256646761938051,-0.3506112009119881,-0.11125402101579819,0.29198208062578973,-0.10679106508377403,0.3666796905958306,0.18258816849105272,-0.44699160641382196,0.14587646244915858,0.5097908143819819,0.1534249739750829,1.0,0.046462921568920755,0.44083441623715913,0.21551035019081957
Q18,0.1762659491226739,-0.06783350611348363,0.1860209950775151,0.3045837888613689,0.05593284477412252,0.24915259879485954,-0.15672481200383306,-0.2952974062613471,0.11650803590949442,-0.0615560150422904,0.3006228816132066,0.36391330052408516,-0.24864504545264862,-0.17168809769685794,0.1997508045684258,0.38172672005572,0.046462921568920755,1.0,-0.025001411198153235,0.46196470034240084
Q19,0.19899718970421604,0.028299561245465437,0.2016069509026253,0.21575800959696942,-0.23617924590628125,0.07050180907751956,-0.394378440140809,-0.24186593342026125,0.202762005695979,-0.1440145746236133,0.18385862160236766,0.09922409473439282,-0.2689139102277324,0.0353371748289051,0.24399023062015704,-0.013941558715528886,0.44083441623715913,-0.025001411198153235,1.0,-0.0053273034686530645
Q20,0.16836378272463423,-0.018276267325037898,0.10522967466623602,0.2708646326162036,0.1432341410910304,0.38462049350447963,-0.18693974808565247,-0.23883196948717997,-0.0003663312332931832,-0.14573993132473562,0.27781877378341907,0.3907727190822465,-0.3427176135743692,-0.06709854397861534,0.33119945659811373,0.32273321524395865,0.21551035019081957,0.46196470034240084,-0.0053273034686530645,1.0
